 0.000  0.0        0.0
 0.125  1.076E-01  1.076E-01
 0.375  3.362E-01  2.286E-01
 0.625  5.297E-01  1.935E-01
 0.875  6.780E-01  1.482E-01
 1.125  7.714E-01  9.349E-02
 1.375  8.281E-01  5.664E-02
 1.625  8.612E-01  3.306E-02
 1.875  8.857E-01  2.455E-02
 2.125  9.122E-01  2.646E-02
 2.375  9.358E-01  2.361E-02
 2.625  9.499E-01  1.416E-02
 2.875  9.650E-01  1.511E-02
 3.125  9.802E-01  1.511E-02
 3.375  9.877E-01  7.559E-03
 3.625  9.924E-01  4.724E-03
 3.875  9.953E-01  2.836E-03
 4.125  9.972E-01  1.891E-03
 4.375  9.972E-01  0.000E+00
 4.625  9.972E-01  0.000E+00
 4.875  9.972E-01  0.000E+00
